0
Thu Jan 13 23:25:49 2022
100
100
100
0
0
0
0
100
100
100
150
10
0
1
0
0
0
0
0
0
0
0
-1
2
0
1
2
0
1
1
2
0
0
0
2
1
1
2
0
1
2
0
0
14
normal
Focus
0
normal
Focus
0
normal
Focus
0
normal
Focus
0
normal
Focus
0
normal
Focus
0
normal
Focus
0
normal
Focus
0
normal
Archer
0
normal
Archer
0
normal
Archer
0
normal
Archer
0
normal
Pot of Greed
0
normal
Pot of Greed
0
0
3
Gather Resources
0
Build
0
ArcheryRange
0
0
146059675 1637025189 2223111731 2007532245 1732973093 2622450870 359544711 3907266503 3248985305 532440200 1993896495 1069656750 3733026095 3573270246 3507029476 3926455215 1503866729 3717749910 1522222168 1843697837 1838696557 1187667758 2836444446 1749512352 1608292634 1941232445 3193019203 1829702205 2869765701 2241665437 2433364822 2244621504 1213244199 757707932 3814702635 77688424 480130985 3352586063 1697148319 854511098 4266135111 4125885818 2270882404 2132349158 2034256588 3321903243 672077395 2167093867 4247731482 1661238411 389086497 900827061 1117612058 3247277657 3190959157 1291182439 611025907 128785045 1083718272 4175765149 1310302991 3854684992 1784427818 3875667379 1683769133 2092081434 2523792230 2163465012 654271247 405675181 4232373764 2759426183 2304369214 3391905394 3273833564 3457952067 2213512969 2450664225 1278591130 2105864435 1493340743 104148076 2931053419 27728445 2275606498 1029559346 1374780045 4172170768 1321652564 264901727 37347666 2611529778 1980279753 1204932290 2294410954 2764324292 1055217147 3378200549 226249885 727007185 2726299478 1136318726 2584567718 3169943704 1162880935 1533115236 876723392 4113709224 1305534304 2191133487 1090289324 908300333 1365964718 4152975353 1164290193 608211392 3619242417 605892140 2959918159 2853283925 3664706120 231203725 494812312 4184031472 3431967704 2929983841 2032633866 1353945171 2035405655 3065735148 2718982117 3340334627 3894590369 2777397740 2485303785 1084169659 3989128551 1991435642 3149946254 2747848004 1967692711 1786462088 2153734936 1600193614 4273863480 4009996885 1866425085 3571378812 1156152364 2228032467 3678055304 952111595 3469399500 1327178433 2928506583 2923094049 606218728 2403316130 4119835963 1580562484 1843383046 2653084129 3280958126 179426401 494384230 2794373984 3432024269 3017685098 1303636525 3883987074 1444605196 1490451529 2602144145 3741522729 468267709 3998427837 3688991779 3369691598 4160779280 1188100015 4072658647 3211998934 546838231 2484802311 2365533998 186657170 1424853457 623358024 402068897 846574271 1548795286 2222038223 3545731870 2165477551 3430591104 1060790767 2985986956 90836552 2826185643 517057521 3176386650 1593330686 10122210 1747037042 1311649960 820159735 1249134014 359382183 3087519280 2211126536 3035811905 1259669183 924407879 2871972949 461199014 1381762770 4055539092 1075248361 1623322847 880596718 3435670335 1757424646 1402085150 421978007 2334066416 3331539160 1338690246 2163704035 3351593766 3552922619 3594957371 3737930108 3496408960 1537852181 3370888267 2049278416 4227600862 151868059 1504938898 1317846379 885683775 4242628425 871314337 3580332277 551465087 2345179789 247759582 966947082 4208653415 65532138 4174727113 2115399210 3875240816 2590851289 2395785954 4219333596 587294584 70585302 2803708653 3343909067 3631437929 1119395156 1213960460 1781925 2286256030 1106892306 2577834502 3918401820 3088013764 3515048616 3478155778 1640400113 3003573309 597083497 1811944700 4130254433 946552891 1296886745 1014474187 259722667 2039081228 2625366199 3311316480 2408530887 1160588114 2856748121 3978554498 2890160513 1098083660 287528447 2582603322 1152339384 365997214 2819009016 4184726341 3113876034 2020343013 1730988954 2732542158 3449873956 4206276108 3282154645 4035610329 2965888942 1665289353 466942806 484585629 25965729 14806582 2367152896 2146870141 1110433184 3051658042 4174001870 1521898904 1089316885 3577873821 1197459216 130589808 825807340 557195225 2085925723 1088155201 3439673600 3186770672 2198203708 2180958521 131266827 1892689436 760188983 2584893050 2529842976 2154009651 2867769887 1212730428 3417324253 4028238179 1793725614 3627340250 3658673517 277449783 734970501 1548676428 2705118773 992277640 740901758 2178420877 2734952771 1654495614 97224693 1220657796 3543002453 2860231371 3903779883 4207394215 885430164 2927887173 2328316901 4019229446 64663517 2557454614 4111821514 3742872628 3578563227 126224353 3577710255 1607872455 1165742346 134569540 1298962114 198891486 1508833926 755767348 3626328694 1436776220 3255272805 1092958515 1202279600 3774358732 3812773539 3416041241 3018905916 4210681201 511674870 3605009931 2892692262 1419205427 4125277882 2643804670 706143854 2438711657 502119483 304339020 1358496770 2507747894 605725836 275110213 106407747 1072487034 1790148142 1856041368 3992532075 2402637591 1228446297 2253782729 2698324777 3663793418 1065547681 3600276890 2326810739 4055054252 2655691043 3079879966 3029277222 3094255183 2318107517 4177713720 2693181029 2705911746 945051872 1257697921 1555312290 176202610 2354479134 4185098545 392094944 3272355463 1850671164 2314649402 1429629762 4038340250 909460873 2549727802 2382469702 3389801219 464613680 988043809 3543808567 109759671 2840704359 420651022 610444732 4257284451 4035046680 1256390880 4180591615 37302439 1143640863 1532566291 253907544 3070465783 2632363497 1065509624 707773978 2559775877 1806981767 71528227 2466878997 4072376410 1717792357 3490321341 716995136 294157707 148237603 943934492 453772634 940656849 2290128325 3075709140 2258621632 1329120477 3569576224 676411428 403860618 2334174921 3439106927 3737788405 3096659048 949795373 1219660573 3634815081 2731886128 1678997017 1082683864 598806014 1598649752 2870560960 3728181486 514514150 2615820068 2705343077 1186223115 3932456027 48451874 1510487765 3663796240 3400903916 3250725817 3368854737 1613968899 4108047013 1600966351 1392917357 2563909541 525846426 2353153126 681455189 439256670 1972912926 2063328588 2361765826 2497501719 1627237734 3816535704 3885278766 3429456512 3711063541 2742346751 3052835447 2329443611 1691285891 4005425719 3370786601 1343976979 3349563016 1608480152 2222291090 495358866 2936491738 2674967889 592666139 423676531 2663941356 672896000 2841657291 4034149631 3391152422 2903878612 4191411243 1580161144 4253848776 3557017396 2378843400 4218196430 2622840044 1747541828 3963509888 62781619 3836725273 347503385 3834987218 4048843004 2678835179 1636504943 377674274 3495249546 1177429170 3872716446 1903963094 617372071 2898273193 4044594702 3719587452 616076028 3052485129 3370341366 3270576659 2361392688 3476928296 2657233937 1921830511 26516184 3455996013 833055731 2527555304 920683925 1240475020 2668110628 1098628991 4108863956 3122355412 63084327 223684913 3193129907 3346772859 443289151 837459511 3142326567 296496602 90769048 1547926907 1328744886 2504730802 3072799267 212906776 4130550324 1908616958 2101464619 3542767060 1112423189 887755308 2648334212 255032126 945018195 3082032195 1838406018 1256195681 1704099681 2280222758 3114666720 1719803390 3298779672 3918435957 3749340948 1361515681 2017201618 553464180 378388171 3857242174 2960706733 1081081521 1189718174 2366972080 2369204567 
 0 0 0 0 0 1073741824 0 0 0 1