21
Tue Feb  8 21:40:15 2022
100
51
80
5595
709
742
1162
150
150
100
150
30
30
3
10
10
10
14607
190
692
0
0
2
Wizard Damage
3.0
Scholar Focus
2
20
1
2
0
0
1
2
1
0
2
2
2
1
0
1
0
2
1
0
2
1
2
0
1
0
2
1
0
2
1
1
26
normal
Focus
0
normal
Focus
0
normal
Focus
0
normal
Focus
0
normal
Focus
0
normal
Focus
0
normal
Focus
0
normal
Focus
0
normal
Archer
0
normal
Pot of Greed
0
normal
Pot of Greed
0
normal
Paladin
0
normal
Concentrate
0
normal
Scholar
0
hero
Heath
heath
Wizard
Human
Sage
Just Lucky
Nearsighted
normal
Bard
0
normal
Wizard
0
normal
Center
0
normal
Reflect
0
normal
Life Aura
0
normal
Concentrate
0
normal
Scholar
0
normal
Center
0
normal
Skim
0
normal
Attain
0
hero
Hoid
hoid
Bard
Human
Sage
Explorer
Nearsighted
7
Boulder
Blessing of the Bat
Lucky Axe
Doll House
Map To Eldorado
10
Magical Generator
Lucky Pickaxe
6
Gather Resources
0
0
Build
0
0
ManageWorkers
0
0
WizardTower
0
111111
Joust
3
0
Chapel
2
0
1
FountainOfYouth
2229192997 531292634 1439449236 3140338861 1238451206 1151652598 2196862643 1044610525 2985320152 3472127445 606186676 1026566257 675053577 561747590 2086278889 2960515676 4018352456 1117637856 3559191516 160382873 4131130385 3110333857 264577354 1855791575 2335674296 1807301808 3459357659 1649170384 3630019034 4220751639 2964125334 2652574552 2796686719 1237336022 2151834320 1055395703 3405805335 165744725 2184966786 516270190 373541499 1903461020 970434512 1049941288 414934269 2102620584 3786467483 2101237271 4187775434 3899432173 1449918706 1838527955 2091465863 3008527719 2345101399 2594574081 1527335166 299317954 2635823970 2235552843 849868510 1723111546 2148114122 2559256626 2628078136 4003437517 3183175750 3136780108 910874729 379716802 2290504581 867532334 3212516866 160989505 1469645142 1101960837 1484143660 1175487272 3630289481 3383230091 674517767 3276585107 384727744 1593269409 1725888513 1552696262 3280362862 3377900615 1332151086 4008835859 2448449653 2062933979 3902072636 3562070364 1138798821 361985161 2414422886 955328372 1629031342 1442907662 2962027284 1322997188 4223398661 900811859 2793250063 3251492586 1509802465 694374385 2265037794 2498389790 3233373118 571496446 2571810153 1685734774 745246979 2753528323 400929427 108853510 977900911 2600141043 2349872232 1328406978 3555412980 4187655771 2129645819 793273526 978867774 505964319 2841738024 1222107147 577070620 1803955504 4119383015 4065802642 140534704 4083728749 2490034781 3093499207 3150889808 789003583 2153852206 2448172469 1526764378 3478125828 1886772736 247127595 1528964465 1281921604 108701398 2445051810 2227510969 2970607315 3568958698 2552019557 2680985357 4209534851 343745271 4151660898 3594878652 1996261831 378768933 3621987154 2758485259 2342320187 1909256058 1175070788 1824481939 2005870411 1289949301 441275878 597452945 676613248 2784194623 4163247031 1564908714 3259465353 1729157749 978470211 3077347715 2349700903 1119271347 85148289 3015829807 53343556 3005950907 2506417320 4049000691 1680522293 307606315 3971161084 3080367679 4226936940 1295249798 419782016 1654738070 3800497373 209427825 319568028 14089798 3317267612 280464101 60509722 1594527153 66652081 1971813587 981973650 3671665108 1864319229 4227732891 1698037504 1054689466 535280706 2090841713 2028370893 1009706528 1365633780 2985692194 2566040030 3450448185 1656996035 3037722737 584615848 336390638 751213554 2787606655 3028815899 1771200049 100995911 1582805442 684866915 774854595 2662989173 3717837130 4278854544 2030471561 3352405948 1319318699 3589655162 3367736282 273682536 3574287086 2718839913 1078246261 620998265 2669132366 9810337 1703850900 2362728064 440125894 3674523294 1595421652 2252466471 3072527609 2639403609 3385356472 1951465898 3813521455 2432442055 3929176977 2590562031 2780987066 1891798513 1628378385 2142909323 290744426 3384836255 4181516120 4108415897 4025668577 3321421758 2701197332 1963702706 2105512668 1916897119 3867195300 463625322 488900618 3089898266 2766402597 2454125135 3307216883 2541235624 3082901371 4017694345 996472766 752510074 2847023378 659563749 3720267581 2158589184 2171684013 17155565 3249825875 2808693205 464129138 917865979 3956697868 1472627695 3637941079 1481907814 276571511 885779799 4202105281 428622362 434977266 1101300090 2331267669 2690406852 3363726013 4091154296 10003491 1952941626 4287257931 1642658396 382997000 1541165098 2771533007 2259731345 3262021054 1286756320 1807702347 326107419 2033683127 3278625708 2235975476 3544561699 2331418078 3349950623 2743105938 4186848012 1167226276 2392345179 2334458962 3178663527 3458223814 3827075653 3797014824 1271913841 2445548334 911296655 3015913747 2002789950 2330657062 3537866553 1818213955 1520948919 1903098978 1643293787 2090214566 128387647 1361213619 2114682202 3085199059 2717964738 3758894414 3237102382 3024114320 1562355387 799424776 2495848323 1790840294 4245934709 197624282 4268156848 2689244830 193420621 3387114643 867067969 4169000559 669934339 2926818334 2309062849 680307718 3719273102 365651581 1372731533 4120503472 1743767759 3411173138 4047483821 1395968886 1524330616 1877407773 3574356426 2021087621 1259859061 2977591449 598226403 3162799972 3579079620 2352280134 200652825 1721378227 1617662103 348916855 3874277687 4163643168 3471972428 437699297 3216615590 3052563374 3137909779 3893351551 1399169996 1375716289 965290068 1936223848 3220541355 2830244058 2062178346 148649880 4131258093 1265158992 4231397795 379713084 1365364372 297808498 2998084500 3290651116 3292969886 3003381580 1329279008 3857297496 644451267 2224508854 2857645013 169305414 1426694308 1710619611 3550966446 1522755122 1889652538 2961734172 3318032598 2370018500 2503105882 2467305438 2488586601 3140567401 1196714319 3376928337 1574266254 3660890443 2173170389 1316566886 501439809 571243681 1798346086 1362911452 3612675346 1413709637 2222186371 2570452509 2516695040 655088077 3763670235 4009424531 3272667660 442022265 2888356636 1704227262 1641352695 3651793718 2147794938 4025780481 3297013378 359781048 3927948064 2900219199 4146764756 920008712 414836119 926632291 2991728279 1060505911 766777164 1690579815 3368518895 1307205943 3830760508 19117624 3230604248 3015578863 820893152 2706046223 3165584502 4112090386 3543772722 1208580480 2051926355 1737625785 130510652 2655249320 3773136895 3612340986 4129240180 639257117 375058010 4294043682 2440376181 1738609386 2464099816 1415723503 3791005556 3367146070 390867915 2752315940 1749599967 3619062340 3541819675 2302871984 1710441533 1175515278 151089169 3968333762 4016505196 1881311493 3929952454 3525522864 1129108908 59847578 2837204746 3020745852 1703464391 3791510040 209599088 95587475 3044295963 1020509150 4241729790 3680814168 2080986625 4152073072 2255645680 3710475684 1078117837 2335657670 3195427860 1681975029 3393723480 2456308588 305762412 3949153558 849482200 3190068917 3131715891 479834205 3269844950 2085252706 4041741723 4100564019 3790455646 4187618990 3476274373 819385251 681794010 1425989415 337572849 3446266219 2783930712 2991029528 3499454167 2749795528 2207083384 1310513735 3161586853 320695747 3463918245 2891212846 4286433111 804458575 1652786167 3224046009 3573122706 1025696788 84140673 111126450 2411503938 663567780 1654152422 901232921 3317117512 2795744382 2967923291 26998233 3284328408 3283020525 1781431924 3966836568 803915741 3620165382 338586248 1169912162 1432736460 1970546772 2188778707 3959946325 3862428581 2088992237 4164860163 2785719536 3219645922 1448095823 544932033 2682794468 1207078242 3797488692 921054662 512182357 413078980 3801849740 2011362846 3035016717 215537872 3137767826 4085328343 1729911909 2621917888 492485198 16534709 4035936102 2149027740 3415269655 592180077 
 0 0 0 0 0 1073741824 0 0 0 1