100
100
100
0
0
0
0
0
100
100
100
0
10
1
0
0
0
0
0
0
0
0
-1
2
1
0
0
1
2
2
0
1
0
0
1
2
2
0
1
1
0
2
0
14
normal
Focus
0
normal
Focus
0
normal
Focus
0
normal
Focus
0
normal
Focus
0
normal
Focus
0
normal
Focus
0
normal
Focus
0
normal
Archer
0
normal
Archer
0
normal
Archer
0
normal
Archer
0
normal
Pot of Greed
0
normal
Pot of Greed
0
0
2
Gather Resources
0
Build
0
0
1874879635 1689767960 1469152092 49639729 1220534742 1148266837 554648231 2084678503 3798742467 3048535366 3967952987 827917120 832276681 1477413079 339051257 1023602121 4024918490 2996157483 132394428 3382945724 1284466156 3080326163 1622334536 2960325217 3255878820 1584133497 1564283119 1437142142 786097588 3644191902 2122090380 3162959933 3179774072 1166867136 706164676 1046275316 2212030693 3951592133 373395137 814324681 3643279346 4238482363 3469895743 1550793812 2172603186 2227526298 2575308451 2785810225 563376844 3834935082 813102300 1241274236 1540057602 1024552673 1616783480 2417867121 1511896596 1253905407 1614664173 1529814740 3840550850 569309407 680560566 3617583498 287022282 139654768 2880252655 2412102977 946646832 1995558578 2145998946 2249317075 2598121018 3508679902 2127831288 2183480325 441226892 2325500422 1168932959 4166185954 4100235666 3709949955 2118105295 3735824406 4025617946 582611375 2776367582 2213509280 3648473791 4264761602 3180422972 2505042510 620633301 998399459 2481096298 522498020 3939920337 3791069880 1060358054 584031070 3181353719 3533193355 3025288843 2846424561 3577232580 3576134249 1241253561 3742310272 963218072 200738530 1934797333 3542994640 2156299564 3197774356 569532829 36210913 895838902 169377984 2647755955 3972938697 2783097255 990143503 2997912034 38018648 1300566449 2277976938 933677315 4185188907 1132972741 2339497042 4115522703 3336443964 2387757276 3582430872 336148266 273563286 1282865203 3072372416 1555613073 2643460824 1196280587 2292151804 2667609153 2810569339 4216593354 3112994907 2950196524 2534584886 1797923733 1035353718 1569573793 3695834932 1962670280 2567682403 2776370524 2997523758 1800759157 3510298078 2521495116 226814946 1121649479 873644476 825756747 1673395639 3199565807 3666628259 4123960899 490723428 3485066393 2816711656 111328889 4151502821 2109314279 87086568 3893726643 958666652 1361300921 1816109766 715700402 1145446762 2239394664 284771332 2748971719 1133927917 1141529425 2720257990 3170370955 999260485 4037996146 3283455183 1217247671 1413917706 1782629524 3503574279 3423963091 2161960528 4071014811 1686944314 4140567946 3162417489 3420142084 1237099785 4009125231 2037436644 2609903778 3090856042 112355923 193945355 2260362148 2825332684 2745299861 2539776739 2021332246 2927207013 3535221494 3980343549 644049803 4002665005 1661897597 4257637700 74052956 4154460838 1046053236 4190316576 3614347820 4263761129 4219091889 1527369882 1136607624 2873503087 1526350436 1057439805 1021836918 3958279156 3318048986 367886341 1549348962 1086985081 3698124739 2503815212 1496228243 651878920 92894871 2983434755 132992214 2157434848 1033772957 127434597 3004846414 133677170 366604401 2143246093 1030145333 4186451043 152626011 2214225763 3536106434 3256104355 1510721951 14555862 936844783 3429677005 3286483913 3207158326 4093799433 3171679096 1470399145 275477968 4112632985 1560945740 2626193644 4188497266 2255192098 2430250542 2159035627 1221255805 3433281661 2378512712 1132344773 1408048104 265991554 452603872 1467204855 2681101478 880431693 3865620219 1438105971 2317571478 801700097 2727528451 2499310340 1757255934 2359743804 3265417496 1127117898 798819899 3773172204 4019966961 3498385953 3401100050 2816383070 1423923702 2902765342 1582502840 1113836202 1199667749 124679651 148897599 4004605068 1795251485 1310833087 468121514 441430471 3624248377 884135577 3918892309 1411084647 5068024 1942175635 2114664534 4193569552 801524541 3257554384 2674313471 537375378 999790428 2522019087 3812205797 155657859 239292021 649958128 16607864 2336045857 365105561 26203176 1130372500 2949868182 3699262002 177428516 2672364548 3412784687 3391401262 425748884 4002798904 1159847196 2910569287 540473616 2959725864 3371865451 1521064930 2425093482 3215959012 575390107 3250345733 587894077 292184049 401003766 2428742896 2808004445 207903071 486808416 3840224966 1473634976 1007785069 643360234 3045257532 1886739809 988166348 248354409 1165593179 880001393 2588396677 3598250548 718799013 538152972 539116208 369394021 1053367247 2078458274 1233887815 3050864023 3836824259 640892859 561002947 411379436 2396039450 3262681207 571151300 2521739861 4275957077 384543473 2181852185 1300110252 3444277831 2807876315 3357092517 2622139271 1810029187 3372075349 3862525690 3794154314 3716370139 4058494279 357034468 1992707333 3331295398 2135177260 1026900181 1200067358 3759252561 3995318385 887802130 2646210611 898115183 3696333542 873366389 1111915590 943851809 3034006820 2029625374 3322266972 2961160093 352357086 127506874 3740545671 3070006330 176190527 2761725443 1142208910 1516486293 2959304335 317975757 4187038734 2598973519 3069461904 1721276106 3866305352 610079177 1874564992 161337625 2212028946 66830982 655849237 412039809 1549279262 2362328437 181344558 812683106 2631009767 155640471 2119907026 773361279 3446354268 3595523005 1934539321 1463775836 3167151606 624185226 284835257 1506893125 3076469277 3174719365 1977086350 4250982071 2567375697 2015094029 2749942795 2689094365 1224411980 4013075635 1983402947 3948535774 1313708422 2457326489 381776254 3263182606 1466347386 533270753 2256737312 476784070 501669755 1510736101 695361619 905014815 2466778012 1236673976 2736514400 3849384974 545669254 4180225348 2271927914 2466736496 4084768355 1878515274 2328746242 3679952748 2649575480 4163220304 4280036654 1750751087 3217707189 3466519965 2009938925 4141421304 1401431902 1911848646 2267071927 1900598046 3406420631 1450634487 2663290016 4123609947 1762216994 152051982 3538073954 3586445423 2222298077 2659099222 1993273242 394328989 890872351 3436615894 4103129644 3683323467 1545751436 1385966345 2046315006 456954284 1244690982 490696414 385203550 2194070086 4180511000 2704703239 587199334 4077004910 651031999 4215419037 1440697130 2841698188 3856769088 1377244857 1518636194 2363551291 3669356852 1699446746 236248278 4204109915 622935181 1762495878 2348959704 3495875157 500983503 4285382759 727260161 2068523826 2762217998 3291586585 1753916585 4187527104 3654252663 1224208618 1644187454 4231892956 4001714785 797046967 806450440 1623510417 3721808710 3379216859 225010412 2746557653 2921617556 3168742571 1637332806 2416935202 1076005398 1991147365 3541190265 1985484540 3026175586 208129090 2328264153 2008527133 1322919936 4003808857 2141959546 1281566835 2976704129 3014536116 1800647309 4015975110 1688617144 1508007336 4036269017 911754236 4159831848 3660178396 2270627241 1275832421 2342517905 2633710393 1743422555 2518355025 2256494222 2949353357 3739802368 3510915793 106533104 2316170295 682830644 3058711704 3284133457 439272131 2810773304 4235584002 1679776714 725341919 2114336447 3397839242 1261912244 3960811370 2415649803 1923229969 
 0 0 0 0 0 1073741824 0 0 0 1