0
Sun Dec 19 19:27:24 2021
100
100
100
0
0
0
0
100
100
100
150
10
0
1
0
0
0
0
0
0
0
0
-1
0
0
0
0
0
0
0
0
0
0
0
0
0
0
0
0
0
0
0
0
2
1
0
0
1
2
2
0
1
0
0
2
1
0
1
2
2
0
1
0
14
normal
Focus
0
normal
Focus
0
normal
Focus
0
normal
Focus
0
normal
Focus
0
normal
Focus
0
normal
Focus
0
normal
Focus
0
normal
Archer
0
normal
Archer
0
normal
Archer
0
normal
Archer
0
normal
Pot of Greed
0
normal
Pot of Greed
0
0
2
Gather Resources
0
Build
0
0
4009990820 3904922465 3636766761 347788050 2250762395 828876255 2462173310 1713534320 2659766042 2356514046 2109176819 1180068098 559876536 3938078242 1580694672 1904524993 179569229 442179055 3464541914 3868280109 26732983 2231575749 509411862 392796482 3363555743 2868840226 2739793975 280961665 1114023550 1125296053 4161240735 603615272 686532709 2027584887 3515983405 2477207238 2958579701 1974395925 2996482183 790745629 2895407894 3781686154 68576948 1488509356 3710285546 1647221655 918595801 3729637193 3272676063 1826106746 3288188214 3793431449 3896745587 1736930018 1025560386 799676350 2734820523 221540451 478827206 340303574 2105618727 122665656 1214849875 1688195606 2904371920 3900010392 4979686 3004332158 606594477 3781309187 3725139907 1507280772 3084412222 1798376818 1823595046 2063266091 540450907 3084580785 30901610 1850957214 3344369544 288120229 2954969064 3216536098 4156041073 1960940236 1412014260 1012942141 4155766502 1701049903 2725297917 967496307 1881772856 2462029655 1827025508 613216181 3251990598 3761060119 2767141315 412160773 4119670490 1119133055 1878823321 1941424604 3281316374 496539695 1408119410 2065593159 2375938439 473134947 3001488890 2041930692 3981953702 3315089671 3875064707 3582970480 1110928208 3816992999 3111505639 2071342669 1216016625 973176742 896611189 1852173089 115991705 2982941271 3081091460 3210012890 1795388981 1040938882 3121133897 3316072087 2709841253 2449711525 1820468966 4202428711 725192761 3648219267 1760869255 160608998 887598023 2160412045 2599876982 287014864 3052387869 1529715273 4169557879 3197101524 3248436351 1447694846 3235090862 1143541589 3098739001 2531594333 2763738514 425175784 1986303649 682298938 1907337213 3273073544 4143147508 3414097553 3444871865 3220795010 1057692065 1870612135 277853857 1540765609 1155849837 1313312194 1366116886 1466272571 422050059 3294176641 181165941 2582267733 3237787008 2607528157 428361770 2995319746 1689906161 4029515490 3142295800 1020415446 4084874403 2718665814 1660113499 2038933690 216966656 1526562618 3988178562 1927174945 1314788573 2789996554 1810703463 2211705726 1750101293 3193675678 1339323855 1384102282 2642188316 2690781980 4039023133 3665747230 1613546170 486270993 3272255744 2327595643 2507351050 4042096758 111496312 3429590184 65747912 1900322618 2816894618 2029376332 2318111670 3475544922 1100409972 2018044033 3568319449 3565504604 988374486 913224906 3790827279 2227977498 2095969239 2486745806 32301021 3779893395 3436003891 3031879252 216362835 3999094821 1879711333 2734523100 891252991 1943604485 3887417343 3052356568 2779476079 717795695 4130040122 1191118317 909943693 3461217555 3433195715 2204243252 2944812483 1872023451 1308971833 2284506768 3748504339 133490378 3131517229 222717959 3064187712 489915528 385356583 3425726179 43098081 1026195015 1195954822 3457568711 500784601 921315619 3730503510 127079185 1672585278 1502540133 2656027135 775090013 1136408126 2181177193 1838393798 3649993747 973833185 2537910871 3572013596 3306710735 2973219857 3878182933 3069423685 1567329435 971170907 3845508225 2822324965 1270220223 2551509907 194228947 2210232798 2231095660 1550811143 732609024 2917491619 54032681 440254418 1019351424 1315858727 4024357798 1202704066 1230499737 2886852771 2225785393 3371963084 153957465 3393735116 3601721179 919756649 502126367 214857710 992325786 1301747831 3958230596 4029113018 2456679861 2313282028 3716711072 3409561354 1452169545 619234085 306629719 1672097554 3000680255 2538609106 85622994 1344485021 3294759248 921705092 2491882458 3390871039 1936656948 2595775922 3237695546 3735300424 1978298211 1590125943 2821795676 2706571237 2214762227 1147373542 1783643893 2349165591 4119716637 2908203691 1149880195 313412129 2538990045 673619412 1115601534 3141962998 1861235232 2591977954 1005834046 4090164053 3131377870 1113957981 4104511534 1738836132 1233991677 1871770705 85931382 4146478965 2118594934 2043688156 695869979 204269970 3518319238 3876230502 2195914695 953309096 1098743608 2250749038 2888563854 1867878703 397797146 4247198007 1834338170 1660258430 3227767571 3636844361 2169146412 615509537 247438849 456057186 1372217256 2074620076 472042305 3007773606 3374845366 2283161452 4177923690 771285618 2642303744 379321297 1946432637 3307410165 3635815192 1382174386 3352025515 3196045653 3230335073 3032062649 3223658711 50555317 1138594683 3668802357 1138459746 2720610340 2589556500 2347494341 3685910171 94270481 1545070031 1342892641 1415305724 567306222 509174020 625634483 124628927 59543420 3684825614 2819857988 2874862018 2788555493 3336740425 1243877209 400041952 2898173321 475041025 2386832528 1824373190 2008468656 1400929539 4154811897 2041186258 956957552 886721890 590871517 4192904549 3118520691 1210729675 822296553 517663269 1454321618 1182452601 3046998163 2699580529 2751454876 1617388692 4189154824 489770903 3375183828 3432651029 668118513 3804994393 2817357511 2963426047 1393818904 4043587109 385408327 1066094157 1056447404 4033214760 1589662532 2975058311 1804185800 3194835613 4172395020 1758349629 255329023 2746001391 2356615126 1032379642 135723769 1714374549 50426813 3702378731 2880935395 63606049 2891405666 2934613310 1772375819 4251290450 1272271446 144379317 460670924 2672132576 3994825359 2046877602 2071689398 1280414107 3058687531 176527767 2366138878 1525526232 1715937034 3875087557 4267932301 3312048679 191101799 842408706 2742571176 775683741 3287356675 673999695 3596988047 313871754 2641677611 2400189547 3707194522 787480084 3260900531 2643959953 2597850243 4113039222 2177526296 3654642651 3459575538 3611727800 2178885442 1776462315 2582263975 838724966 3185055900 1565196424 3838085823 2484961435 3186503746 27042015 3149848942 4013665010 2873042879 975414330 3146502017 825676718 606002825 586130714 2512491343 4241749422 2834807964 1306735912 2849473474 3704768187 2160101797 1447326149 3445313676 598373672 358548589 4031485750 927837491 3985603189 3055109309 3790389193 4015005603 1901874893 2391820848 878916084 177946387 3848304509 705072882 1240672165 3306311472 3201345897 3831486653 97287132 3504466102 3175351247 921250403 1881617022 2872901194 296368131 652769584 36210262 3498457449 4078639492 3178591358 135354635 575116247 681039014 1751195861 1678256490 681342765 760777395 152450777 2685798179 3427360180 241247523 2307452272 3184362861 637664381 2855779107 3112001093 1493375728 3580706140 2122503819 848115333 2766792533 2338275924 2845885418 1663849743 2001438163 2075216415 3601968599 2570190089 3879860912 128812788 2205377071 3736091894 4247693152 4258625915 3976791633 2061804541 21657276 3658873151 3927905707 3122355009 3281976976 3009595495 4142062677 1860077043 2232305815 4280194543 4070760359 
 0 0 0 0 0 1073741824 0 0 0 1